  double point
          par1     10.09585715503678         1.000000        -10.00000    
          par2     9.977991827700054         1.000000        -10.00000    
          par3     11.50929191240696         1.000000        -10.00000    
          par4     10.32699340188640         1.000000        -10.00000    
          par5     9.910057541398848         1.000000        -10.00000    
          par6     10.64875995356156         1.000000        -10.00000    
          par7     8.884030051170926         1.000000        -10.00000    
          par8     10.82260082258160         1.000000        -10.00000    
          par9     7.569060436880529         1.000000        -10.00000    
         par10     9.405217634989922         1.000000        -10.00000    
         par11     9.446806589901078         1.000000        -10.00000    
         par12     9.502332061138139         1.000000        -10.00000    
         par13     10.37191180603167         1.000000        -10.00000    
